AP:  0.6153272900296297
mAP:  0.6153272900296297